    unsorted:	 86.86609990 86.01023855 85.22893836 90.88817365 91.61713219 92.45543418 94.92508479 97.22797919 101.6777937 102.2904411 75.36703224 77.52577900 74.16952440 106.2568668 67.33840812 65.55484119 63.35000925 57.64283610 55.93394768 54.87751937 54.43365276 50.92607351 50.42273365 115.2098601 113.7883676 118.0418225 120.5429579 121.9527422 47.24790948 41.63809932 131.7697164 39.47511528 138.0308086 34.74108760 156.7553124 155.0996565 165.0688957 179.5180932 183.1983183 206.0287413 217.7110465 215.2731411 222.0099091 254.8551802 305.3508471 341.9382546 344.9604437 397.3458813 423.6756238 455.9126862 472.1917898 486.3047781 611.8773288 603.2209541 623.0388767 590.1131556 633.0688887 636.0879877 715.7742344 735.3215453 734.3086338 782.3595865 777.9233871 822.3914913 825.9014163 850.9982892 1083.636923 1099.947439 1126.042011 1129.909989 1160.846443 1213.520555 1260.739911 1291.627639 1303.768929 1398.135495 1397.390496 1637.229557 1620.237778 1832.331559 1947.682617 1995.380042 2122.260743 2383.322217 2612.147185 2882.614512 3033.469092 3300.921961 3514.765493 3652.395056 4645.363079 4821.175126 5085.322698 5334.139298 5463.601986 5866.685646 6714.855073 7343.029018 9038.819326 9259.906869 9794.643062 10986.30221 11493.67715 14318.84427 16170.40650 16997.00710 18933.19943 27724.97796 27717.85563 27740.82592 27697.02481 27676.39268 27653.44366 27769.55176 27616.85542 27459.93279 21494.75760 25988.81847 29515.45575 36238.56460 40057.91243 49381.22959 53418.29272 110695.9027 110751.4320 110638.8997 110582.6845 110797.1352 110880.6299 110519.3820 110454.2975 110426.7337 110375.2241 110349.4471 110920.7558 111368.4647 111460.3400 111598.0252 111635.2667 109904.8539 109838.0652 109621.0027 111923.3933 112181.1183 112266.7886 109218.5205 112471.6417 108991.9016 112801.2427 107526.2478 114002.6838 58571.13056 116793.5512 151743.1719 317520.9259 357889.2789 373363.4960 1109416.606
      sorted:	 34.74108760 39.47511528 41.63809932 47.24790948 50.42273365 50.92607351 54.43365276 54.87751937 55.93394768 57.64283610 63.35000925 65.55484119 67.33840812 74.16952440 75.36703224 77.52577900 85.22893836 86.01023855 86.86609990 90.88817365 91.61713219 92.45543418 94.92508479 97.22797919 101.6777937 102.2904411 106.2568668 113.7883676 115.2098601 118.0418225 120.5429579 121.9527422 131.7697164 138.0308086 155.0996565 156.7553124 165.0688957 179.5180932 183.1983183 206.0287413 215.2731411 217.7110465 222.0099091 254.8551802 305.3508471 341.9382546 344.9604437 397.3458813 423.6756238 455.9126862 472.1917898 486.3047781 590.1131556 603.2209541 611.8773288 623.0388767 633.0688887 636.0879877 715.7742344 734.3086338 735.3215453 777.9233871 782.3595865 822.3914913 825.9014163 850.9982892 1083.636923 1099.947439 1126.042011 1129.909989 1160.846443 1213.520555 1260.739911 1291.627639 1303.768929 1397.390496 1398.135495 1620.237778 1637.229557 1832.331559 1947.682617 1995.380042 2122.260743 2383.322217 2612.147185 2882.614512 3033.469092 3300.921961 3514.765493 3652.395056 4645.363079 4821.175126 5085.322698 5334.139298 5463.601986 5866.685646 6714.855073 7343.029018 9038.819326 9259.906869 9794.643062 10986.30221 11493.67715 14318.84427 16170.40650 16997.00710 18933.19943 21494.75760 25988.81847 27459.93279 27616.85542 27653.44366 27676.39268 27697.02481 27717.85563 27724.97796 27740.82592 27769.55176 29515.45575 36238.56460 40057.91243 49381.22959 53418.29272 58571.13056 107526.2478 108991.9016 109218.5205 109621.0027 109838.0652 109904.8539 110349.4471 110375.2241 110426.7337 110454.2975 110519.3820 110582.6845 110638.8997 110695.9027 110751.4320 110797.1352 110880.6299 110920.7558 111368.4647 111460.3400 111598.0252 111635.2667 111923.3933 112181.1183 112266.7886 112471.6417 112801.2427 114002.6838 116793.5512 151743.1719 317520.9259 357889.2789 373363.4960 1109416.606
